3
10
15
20

1
1

1
5000000

2
1
5000000

4
1
2
4999999
5000000

9
3899222
2454745
1
804920
2965090
3238322
2352796
2501127
1569392
 
3
2224272
4003981
1385088
 
1
1543077
 
10
568638
3973268
4372590
4494
2727016
551685
34
765864
1541878
2344824
 
3
3190989
345100
4546598
 
4
132147
7
2142596
1431159
 
4
1521249
111
4448849
1481163
 
10
4997662
2334262
319105
1506799
1892535
4934510
699596
1024
4326030
249773
 
7
3107560
4317241
2617079
58582
2430081
4810494
1352279
 
7
448107
584080
1274318
4141796
2557478
631
3099237
